crossing time (s)	slope (V/s)	crossing number
281474976710655.000000	-133.029099	3492	0.000000
281474976710655.000000	-127.749535	3493	0.000000
281474976710655.000000	Inf	3494	0.000000
281474976710655.000000	-63.742321	3495	0.000000
281474976710655.000000	-61.416428	3496	0.000000
281474976710655.000000	-65.385895	3497	0.000000
281474976710655.000000	-120.678749	3498	0.000000
281474976710655.000000	-125.697281	3499	0.000000
281474976710655.000000	-108.168274	3500	0.000000
281474976710655.000000	Inf	3501	0.000000
281474976710655.000000	Inf	3502	0.000000
281474976710655.000000	Inf	3503	0.000000
281474976710655.000000	Inf	3504	0.000000
281474976710655.000000	-59.532345	3505	0.000000
281474976710655.000000	-100.552155	3506	0.000000
281474976710655.000000	Inf	3507	0.000000
281474976710655.000000	-104.208450	3508	0.000000
281474976710655.000000	-197.800385	3509	0.000000
281474976710655.000000	-48.769360	3510	0.000000
281474976710655.000000	-100.770485	3511	0.000000
281474976710655.000000	-96.659134	3512	0.000000
281474976710655.000000	-197.092010	3513	0.000000
281474976710655.000000	-97.994095	3514	0.000000
281474976710655.000000	-48.001305	3515	0.000000
281474976710655.000000	-97.376579	3516	0.000000
281474976710655.000000	-86.922340	3517	0.000000
281474976710655.000000	-87.871056	3518	0.000000
281474976710655.000000	-88.659752	3519	0.000000
281474976710655.000000	-55.479576	3520	0.000000
281474976710655.000000	-160.586182	3521	0.000000
281474976710655.000000	-53.986740	3522	0.000000
281474976710655.000000	-49.463894	3523	0.000000
281474976710655.000000	-77.337761	3524	0.000000
281474976710655.000000	-74.793732	3525	0.000000
281474976710655.000000	-51.452343	3526	0.000000
281474976710655.000000	-50.038017	3527	0.000000
281474976710655.000000	-77.470871	3528	0.000000
281474976710655.000000	-74.787605	3529	0.000000
281474976710655.000000	-48.488869	3530	0.000000
281474976710655.000000	-72.772774	3531	0.000000
281474976710655.000000	-39.772263	3532	0.000000
281474976710655.000000	-73.701607	3533	0.000000
281474976710655.000000	-99.746788	3534	0.000000
281474976710655.000000	-67.159668	3535	0.000000
281474976710655.000000	-64.838249	3536	0.000000
281474976710655.000000	-50.928013	3537	0.000000
281474976710655.000000	-95.649345	3538	0.000000
281474976710655.000000	-60.114162	3539	0.000000
281474976710655.000000	-42.288200	3540	0.000000
281474976710655.000000	-111.694809	3541	0.000000
281474976710655.000000	-47.731838	3542	0.000000
281474976710655.000000	-63.078987	3543	0.000000
281474976710655.000000	-55.086575	3544	0.000000
281474976710655.000000	-36.886539	3545	0.000000
281474976710655.000000	-56.139938	3546	0.000000
281474976710655.000000	-54.285034	3547	0.000000
281474976710655.000000	-33.319004	3548	0.000000
281474976710655.000000	-66.790840	3549	0.000000
281474976710655.000000	-43.229942	3550	0.000000
281474976710655.000000	-52.606686	3551	0.000000
281474976710655.000000	-51.541458	3552	0.000000
281474976710655.000000	-46.113647	3553	0.000000
281474976710655.000000	-48.122715	3554	0.000000
281474976710655.000000	-46.681137	3555	0.000000
281474976710655.000000	-46.463741	3556	0.000000
281474976710655.000000	-54.607784	3557	0.000000
281474976710655.000000	-43.608932	3558	0.000000
281474976710655.000000	-48.328457	3559	0.000000
281474976710655.000000	-39.934433	3560	0.000000
281474976710655.000000	-52.733913	3561	0.000000
281474976710655.000000	-41.490509	3562	0.000000
281474976710655.000000	-42.035656	3563	0.000000
281474976710655.000000	-39.664665	3564	0.000000
281474976710655.000000	-40.668530	3565	0.000000
281474976710655.000000	-39.226246	3566	0.000000
281474976710655.000000	-35.366962	3567	0.000000
281474976710655.000000	-32.517910	3568	0.000000
281474976710655.000000	-34.132500	3569	0.000000
281474976710655.000000	-34.396908	3570	0.000000
281474976710655.000000	-32.632042	3571	0.000000
281474976710655.000000	-32.819691	3572	0.000000
281474976710655.000000	-34.345203	3573	0.000000
281474976710655.000000	-26.732656	3574	0.000000
281474976710655.000000	-27.128647	3575	0.000000
281474976710655.000000	-28.739202	3576	0.000000
281474976710655.000000	-27.006498	3577	0.000000
281474976710655.000000	-25.933725	3578	0.000000
281474976710655.000000	-27.756748	3579	0.000000
281474976710655.000000	-28.210535	3580	0.000000
281474976710655.000000	-26.790318	3581	0.000000
281474976710655.000000	-29.123407	3582	0.000000
281474976710655.000000	-26.689684	3583	0.000000
281474976710655.000000	-27.919018	3584	0.000000
281474976710655.000000	-25.017021	3585	0.000000
281474976710655.000000	-25.412508	3586	0.000000
281474976710655.000000	-24.140623	3587	0.000000
281474976710655.000000	-24.548748	3588	0.000000
281474976710655.000000	-25.841908	3589	0.000000
281474976710655.000000	-22.769674	3590	0.000000
281474976710655.000000	-24.076054	3591	0.000000
281474976710655.000000	-21.151550	3592	0.000000
281474976710655.000000	-21.808886	3593	0.000000
281474976710655.000000	-20.921476	3594	0.000000
281474976710655.000000	-19.497925	3595	0.000000
281474976710655.000000	-21.701324	3596	0.000000
281474976710655.000000	-19.210386	3597	0.000000
281474976710655.000000	-21.169519	3598	0.000000
281474976710655.000000	-20.874369	3599	0.000000
281474976710655.000000	-18.110043	3600	0.000000
281474976710655.000000	-20.155100	3601	0.000000
281474976710655.000000	-18.145565	3602	0.000000
281474976710655.000000	-17.365030	3603	0.000000
281474976710655.000000	-16.313980	3604	0.000000
281474976710655.000000	-17.469534	3605	0.000000
281474976710655.000000	-16.085115	3606	0.000000
281474976710655.000000	-15.376735	3607	0.000000
281474976710655.000000	-17.026289	3608	0.000000
281474976710655.000000	-15.292820	3609	0.000000
281474976710655.000000	-16.702099	3610	0.000000
281474976710655.000000	-16.012947	3611	0.000000
281474976710655.000000	-14.892642	3612	0.000000
281474976710655.000000	-15.611961	3613	0.000000
281474976710655.000000	-14.195300	3614	0.000000
281474976710655.000000	-14.388801	3615	0.000000
281474976710655.000000	-12.630832	3616	0.000000
281474976710655.000000	-12.132459	3617	0.000000
281474976710655.000000	-13.345995	3618	0.000000
281474976710655.000000	-12.340320	3619	0.000000
281474976710655.000000	-12.957875	3620	0.000000
281474976710655.000000	-12.645257	3621	0.000000
281474976710655.000000	-12.776125	3622	0.000000
281474976710655.000000	-12.333661	3623	0.000000
281474976710655.000000	-11.891450	3624	0.000000
281474976710655.000000	-11.639323	3625	0.000000
281474976710655.000000	-10.081722	3626	0.000000
281474976710655.000000	-10.400861	3627	0.000000
281474976710655.000000	-10.569820	3628	0.000000
281474976710655.000000	-10.073364	3629	0.000000
281474976710655.000000	-10.908319	3630	0.000000
281474976710655.000000	-10.853703	3631	0.000000
281474976710655.000000	-10.309851	3632	0.000000
281474976710655.000000	-10.185092	3633	0.000000
281474976710655.000000	-9.254903	3634	0.000000
281474976710655.000000	-9.322216	3635	0.000000
281474976710655.000000	-8.486334	3636	0.000000
281474976710655.000000	-8.484826	3637	0.000000
