crossing time (s)	slope (V/s)	crossing number
281474976710655.000000	Inf	812	0.000000
281474976710655.000000	-152.084061	813	0.000000
281474976710655.000000	-42.748436	814	0.000000
281474976710655.000000	-41.460781	815	0.000000
281474976710655.000000	-28.532057	816	0.000000
281474976710655.000000	-20.581713	817	0.000000
281474976710655.000000	-16.927145	818	0.000000
281474976710655.000000	-11.375893	819	0.000000
281474976710655.000000	-7.846939	820	0.000000
281474976710655.000000	-6.039694	821	0.000000
281474976710655.000000	-3.728139	822	0.000000
281474976710655.000000	-2.834712	823	0.000000
281474976710655.000000	-1.649214	824	0.000000
