crossing time (s)	slope (V/s)	crossing number
281474976710655.000000	Inf	2167	0.000000
281474976710655.000000	Inf	2168	0.000000
281474976710655.000000	Inf	2169	0.000000
281474976710655.000000	Inf	2170	0.000000
281474976710655.000000	Inf	2171	0.000000
281474976710655.000000	Inf	2172	0.000000
281474976710655.000000	Inf	2173	0.000000
281474976710655.000000	Inf	2174	0.000000
281474976710655.000000	Inf	2175	0.000000
281474976710655.000000	Inf	2176	0.000000
281474976710655.000000	Inf	2177	0.000000
281474976710655.000000	Inf	2178	0.000000
281474976710655.000000	Inf	2179	0.000000
281474976710655.000000	-175.402847	2180	0.000000
281474976710655.000000	-86.599014	2181	0.000000
281474976710655.000000	Inf	2182	0.000000
281474976710655.000000	Inf	2183	0.000000
281474976710655.000000	Inf	2184	0.000000
281474976710655.000000	Inf	2185	0.000000
281474976710655.000000	Inf	2186	0.000000
281474976710655.000000	-144.957123	2187	0.000000
281474976710655.000000	-143.404953	2188	0.000000
281474976710655.000000	-143.941833	2189	0.000000
281474976710655.000000	-130.133911	2190	0.000000
281474976710655.000000	-139.107712	2191	0.000000
281474976710655.000000	Inf	2192	0.000000
281474976710655.000000	-125.498657	2193	0.000000
281474976710655.000000	-118.171623	2194	0.000000
281474976710655.000000	-126.974045	2195	0.000000
281474976710655.000000	-108.709450	2196	0.000000
281474976710655.000000	-112.896515	2197	0.000000
281474976710655.000000	-111.414589	2198	0.000000
281474976710655.000000	Inf	2199	0.000000
281474976710655.000000	Inf	2200	0.000000
281474976710655.000000	-98.126648	2201	0.000000
281474976710655.000000	-64.756882	2202	0.000000
281474976710655.000000	-90.344788	2203	0.000000
281474976710655.000000	-90.463455	2204	0.000000
281474976710655.000000	-87.459999	2205	0.000000
281474976710655.000000	-56.073437	2206	0.000000
281474976710655.000000	-61.557320	2207	0.000000
281474976710655.000000	-52.808216	2208	0.000000
281474976710655.000000	-75.342194	2209	0.000000
281474976710655.000000	-76.485580	2210	0.000000
281474976710655.000000	-56.508080	2211	0.000000
281474976710655.000000	-69.963387	2212	0.000000
281474976710655.000000	-103.855156	2213	0.000000
281474976710655.000000	-59.014835	2214	0.000000
281474976710655.000000	-48.399597	2215	0.000000
281474976710655.000000	-89.415497	2216	0.000000
281474976710655.000000	-57.272537	2217	0.000000
281474976710655.000000	-58.663334	2218	0.000000
281474976710655.000000	-51.537277	2219	0.000000
281474976710655.000000	-56.080868	2220	0.000000
281474976710655.000000	-37.960297	2221	0.000000
281474976710655.000000	-50.657726	2222	0.000000
281474976710655.000000	-43.542042	2223	0.000000
281474976710655.000000	-51.731216	2224	0.000000
281474976710655.000000	-43.924412	2225	0.000000
281474976710655.000000	-43.153160	2226	0.000000
281474976710655.000000	-40.357075	2227	0.000000
281474976710655.000000	-45.142231	2228	0.000000
281474976710655.000000	-44.896397	2229	0.000000
281474976710655.000000	-36.834484	2230	0.000000
281474976710655.000000	-34.815975	2231	0.000000
281474976710655.000000	-35.583916	2232	0.000000
281474976710655.000000	-32.564247	2233	0.000000
281474976710655.000000	-36.272884	2234	0.000000
281474976710655.000000	-28.708019	2235	0.000000
281474976710655.000000	-31.452530	2236	0.000000
281474976710655.000000	-27.239906	2237	0.000000
281474976710655.000000	-30.608313	2238	0.000000
281474976710655.000000	-25.384150	2239	0.000000
281474976710655.000000	-24.618935	2240	0.000000
281474976710655.000000	-26.216202	2241	0.000000
281474976710655.000000	-23.385439	2242	0.000000
281474976710655.000000	-22.805538	2243	0.000000
281474976710655.000000	-19.871906	2244	0.000000
281474976710655.000000	-20.881842	2245	0.000000
281474976710655.000000	-23.868774	2246	0.000000
281474976710655.000000	-20.670191	2247	0.000000
281474976710655.000000	-20.833868	2248	0.000000
