crossing time (s)	slope (V/s)	crossing number
281474976710655.000000	-74.989998	792	0.000000
281474976710655.000000	-49.050266	793	0.000000
281474976710655.000000	-37.976330	794	0.000000
281474976710655.000000	-24.691412	795	0.000000
281474976710655.000000	-17.990068	796	0.000000
281474976710655.000000	-14.144308	797	0.000000
281474976710655.000000	-9.148524	798	0.000000
281474976710655.000000	-6.062039	799	0.000000
281474976710655.000000	-4.353868	800	0.000000
281474976710655.000000	-3.274770	801	0.000000
281474976710655.000000	-1.921530	802	0.000000
281474976710655.000000	-0.992141	803	0.000000
