crossing time (s)	slope (V/s)	crossing number
281474976710655.000000	Inf	5091	0.000000
281474976710655.000000	Inf	5092	0.000000
281474976710655.000000	Inf	5093	0.000000
281474976710655.000000	Inf	5094	0.000000
281474976710655.000000	Inf	5095	0.000000
281474976710655.000000	Inf	5096	0.000000
281474976710655.000000	Inf	5097	0.000000
281474976710655.000000	Inf	5098	0.000000
281474976710655.000000	Inf	5099	0.000000
281474976710655.000000	Inf	5100	0.000000
281474976710655.000000	Inf	5101	0.000000
281474976710655.000000	Inf	5102	0.000000
281474976710655.000000	Inf	5103	0.000000
281474976710655.000000	Inf	5104	0.000000
281474976710655.000000	Inf	5105	0.000000
281474976710655.000000	Inf	5106	0.000000
281474976710655.000000	Inf	5107	0.000000
281474976710655.000000	Inf	5108	0.000000
281474976710655.000000	Inf	5109	0.000000
281474976710655.000000	Inf	5110	0.000000
281474976710655.000000	Inf	5111	0.000000
281474976710655.000000	Inf	5112	0.000000
281474976710655.000000	Inf	5113	0.000000
281474976710655.000000	Inf	5114	0.000000
281474976710655.000000	Inf	5115	0.000000
281474976710655.000000	Inf	5116	0.000000
281474976710655.000000	Inf	5117	0.000000
281474976710655.000000	Inf	5118	0.000000
281474976710655.000000	Inf	5119	0.000000
281474976710655.000000	Inf	5120	0.000000
281474976710655.000000	Inf	5121	0.000000
281474976710655.000000	Inf	5122	0.000000
281474976710655.000000	Inf	5123	0.000000
281474976710655.000000	Inf	5124	0.000000
281474976710655.000000	Inf	5125	0.000000
281474976710655.000000	Inf	5126	0.000000
281474976710655.000000	Inf	5127	0.000000
281474976710655.000000	Inf	5128	0.000000
281474976710655.000000	Inf	5129	0.000000
281474976710655.000000	Inf	5130	0.000000
281474976710655.000000	Inf	5131	0.000000
281474976710655.000000	Inf	5132	0.000000
281474976710655.000000	Inf	5133	0.000000
281474976710655.000000	Inf	5134	0.000000
281474976710655.000000	Inf	5135	0.000000
281474976710655.000000	Inf	5136	0.000000
281474976710655.000000	Inf	5137	0.000000
281474976710655.000000	-226.579208	5138	0.000000
281474976710655.000000	Inf	5139	0.000000
281474976710655.000000	Inf	5140	0.000000
281474976710655.000000	Inf	5141	0.000000
281474976710655.000000	Inf	5142	0.000000
281474976710655.000000	Inf	5143	0.000000
281474976710655.000000	-221.383530	5144	0.000000
281474976710655.000000	Inf	5145	0.000000
281474976710655.000000	Inf	5146	0.000000
281474976710655.000000	-210.176468	5147	0.000000
281474976710655.000000	Inf	5148	0.000000
281474976710655.000000	Inf	5149	0.000000
281474976710655.000000	Inf	5150	0.000000
281474976710655.000000	Inf	5151	0.000000
281474976710655.000000	Inf	5152	0.000000
281474976710655.000000	Inf	5153	0.000000
281474976710655.000000	Inf	5154	0.000000
281474976710655.000000	-190.767548	5155	0.000000
281474976710655.000000	Inf	5156	0.000000
281474976710655.000000	Inf	5157	0.000000
281474976710655.000000	Inf	5158	0.000000
281474976710655.000000	Inf	5159	0.000000
281474976710655.000000	Inf	5160	0.000000
281474976710655.000000	Inf	5161	0.000000
281474976710655.000000	Inf	5162	0.000000
281474976710655.000000	Inf	5163	0.000000
281474976710655.000000	-88.817657	5164	0.000000
281474976710655.000000	Inf	5165	0.000000
281474976710655.000000	Inf	5166	0.000000
281474976710655.000000	Inf	5167	0.000000
281474976710655.000000	-177.835953	5168	0.000000
281474976710655.000000	Inf	5169	0.000000
281474976710655.000000	Inf	5170	0.000000
281474976710655.000000	-81.752762	5171	0.000000
281474976710655.000000	Inf	5172	0.000000
281474976710655.000000	Inf	5173	0.000000
281474976710655.000000	-77.395912	5174	0.000000
281474976710655.000000	-79.470825	5175	0.000000
281474976710655.000000	-156.784851	5176	0.000000
281474976710655.000000	-75.703796	5177	0.000000
281474976710655.000000	Inf	5178	0.000000
281474976710655.000000	Inf	5179	0.000000
281474976710655.000000	-149.667404	5180	0.000000
281474976710655.000000	-146.881104	5181	0.000000
281474976710655.000000	-148.006561	5182	0.000000
281474976710655.000000	-70.510506	5183	0.000000
281474976710655.000000	Inf	5184	0.000000
281474976710655.000000	-141.321747	5185	0.000000
281474976710655.000000	Inf	5186	0.000000
281474976710655.000000	Inf	5187	0.000000
281474976710655.000000	-134.379501	5188	0.000000
281474976710655.000000	Inf	5189	0.000000
281474976710655.000000	Inf	5190	0.000000
281474976710655.000000	-129.698212	5191	0.000000
281474976710655.000000	-131.043396	5192	0.000000
281474976710655.000000	Inf	5193	0.000000
281474976710655.000000	Inf	5194	0.000000
281474976710655.000000	-127.066536	5195	0.000000
281474976710655.000000	Inf	5196	0.000000
281474976710655.000000	-119.415939	5197	0.000000
281474976710655.000000	-128.931213	5198	0.000000
281474976710655.000000	-122.310287	5199	0.000000
281474976710655.000000	Inf	5200	0.000000
281474976710655.000000	Inf	5201	0.000000
281474976710655.000000	Inf	5202	0.000000
281474976710655.000000	Inf	5203	0.000000
281474976710655.000000	-109.771774	5204	0.000000
281474976710655.000000	-113.753403	5205	0.000000
281474976710655.000000	Inf	5206	0.000000
281474976710655.000000	-108.440575	5207	0.000000
281474976710655.000000	Inf	5208	0.000000
281474976710655.000000	-112.458275	5209	0.000000
281474976710655.000000	Inf	5210	0.000000
281474976710655.000000	-205.555603	5211	0.000000
281474976710655.000000	-104.910477	5212	0.000000
281474976710655.000000	-50.172123	5213	0.000000
281474976710655.000000	-66.844879	5214	0.000000
281474976710655.000000	-96.942566	5215	0.000000
281474976710655.000000	-96.982468	5216	0.000000
281474976710655.000000	-96.662758	5217	0.000000
281474976710655.000000	-95.016365	5218	0.000000
281474976710655.000000	-94.092934	5219	0.000000
281474976710655.000000	-95.526764	5220	0.000000
281474976710655.000000	-89.715897	5221	0.000000
281474976710655.000000	-89.791275	5222	0.000000
281474976710655.000000	-88.830055	5223	0.000000
281474976710655.000000	-89.035301	5224	0.000000
281474976710655.000000	-87.713257	5225	0.000000
281474976710655.000000	-45.591812	5226	0.000000
281474976710655.000000	-185.509323	5227	0.000000
281474976710655.000000	-82.379929	5228	0.000000
281474976710655.000000	-84.485458	5229	0.000000
281474976710655.000000	-83.017799	5230	0.000000
281474976710655.000000	-84.278374	5231	0.000000
281474976710655.000000	-39.838352	5232	0.000000
281474976710655.000000	-77.434021	5233	0.000000
281474976710655.000000	-80.285469	5234	0.000000
281474976710655.000000	-76.185402	5235	0.000000
281474976710655.000000	-77.322037	5236	0.000000
281474976710655.000000	-51.178947	5237	0.000000
281474976710655.000000	-72.308731	5238	0.000000
281474976710655.000000	-37.268196	5239	0.000000
281474976710655.000000	-69.747704	5240	0.000000
281474976710655.000000	-112.384102	5241	0.000000
281474976710655.000000	-105.334496	5242	0.000000
281474976710655.000000	-47.277065	5243	0.000000
281474976710655.000000	-102.734711	5244	0.000000
281474976710655.000000	-49.706047	5245	0.000000
281474976710655.000000	-43.198917	5246	0.000000
281474976710655.000000	-73.997711	5247	0.000000
281474976710655.000000	-63.434822	5248	0.000000
281474976710655.000000	-63.888683	5249	0.000000
281474976710655.000000	-71.505722	5250	0.000000
281474976710655.000000	-92.285156	5251	0.000000
281474976710655.000000	-49.600788	5252	0.000000
281474976710655.000000	-92.841225	5253	0.000000
281474976710655.000000	-59.731819	5254	0.000000
281474976710655.000000	-62.137272	5255	0.000000
281474976710655.000000	-54.348324	5256	0.000000
281474976710655.000000	-58.092751	5257	0.000000
281474976710655.000000	-55.757839	5258	0.000000
281474976710655.000000	-41.675308	5259	0.000000
281474976710655.000000	-60.326878	5260	0.000000
281474976710655.000000	-36.043015	5261	0.000000
281474976710655.000000	-53.402161	5262	0.000000
281474976710655.000000	-47.073364	5263	0.000000
281474976710655.000000	-37.908375	5264	0.000000
281474976710655.000000	-49.070717	5265	0.000000
281474976710655.000000	-47.742699	5266	0.000000
281474976710655.000000	-50.417641	5267	0.000000
281474976710655.000000	-48.718052	5268	0.000000
281474976710655.000000	-50.501045	5269	0.000000
281474976710655.000000	-49.688263	5270	0.000000
281474976710655.000000	-38.763039	5271	0.000000
281474976710655.000000	-48.547283	5272	0.000000
281474976710655.000000	-46.877457	5273	0.000000
281474976710655.000000	-36.599052	5274	0.000000
281474976710655.000000	-47.638443	5275	0.000000
281474976710655.000000	-45.205734	5276	0.000000
281474976710655.000000	-39.895786	5277	0.000000
281474976710655.000000	-45.750561	5278	0.000000
281474976710655.000000	-41.107681	5279	0.000000
281474976710655.000000	-41.373016	5280	0.000000
281474976710655.000000	-51.812355	5281	0.000000
281474976710655.000000	-34.699196	5282	0.000000
281474976710655.000000	-41.987247	5283	0.000000
281474976710655.000000	-46.331692	5284	0.000000
281474976710655.000000	-38.021793	5285	0.000000
281474976710655.000000	-31.228991	5286	0.000000
281474976710655.000000	-37.823330	5287	0.000000
281474976710655.000000	-34.096256	5288	0.000000
281474976710655.000000	-31.887653	5289	0.000000
281474976710655.000000	-35.986019	5290	0.000000
281474976710655.000000	-32.950703	5291	0.000000
281474976710655.000000	-35.504345	5292	0.000000
281474976710655.000000	-36.585953	5293	0.000000
281474976710655.000000	-36.694847	5294	0.000000
281474976710655.000000	-28.166481	5295	0.000000
281474976710655.000000	-32.108257	5296	0.000000
281474976710655.000000	-34.578651	5297	0.000000
281474976710655.000000	-31.500574	5298	0.000000
281474976710655.000000	-32.526329	5299	0.000000
281474976710655.000000	-29.840010	5300	0.000000
281474976710655.000000	-27.017231	5301	0.000000
281474976710655.000000	-32.424576	5302	0.000000
281474976710655.000000	-30.119989	5303	0.000000
281474976710655.000000	-28.661419	5304	0.000000
281474976710655.000000	-29.374043	5305	0.000000
281474976710655.000000	-27.904026	5306	0.000000
281474976710655.000000	-29.000639	5307	0.000000
281474976710655.000000	-27.652737	5308	0.000000
281474976710655.000000	-26.361496	5309	0.000000
281474976710655.000000	-28.231081	5310	0.000000
281474976710655.000000	-23.997360	5311	0.000000
281474976710655.000000	-26.951807	5312	0.000000
281474976710655.000000	-25.053793	5313	0.000000
