crossing time (s)	slope (V/s)	crossing number
281474976710655.000000	Inf	1546	0.000000
281474976710655.000000	Inf	1547	0.000000
281474976710655.000000	Inf	1548	0.000000
281474976710655.000000	Inf	1549	0.000000
281474976710655.000000	Inf	1550	0.000000
281474976710655.000000	Inf	1551	0.000000
281474976710655.000000	Inf	1552	0.000000
281474976710655.000000	Inf	1553	0.000000
281474976710655.000000	Inf	1554	0.000000
281474976710655.000000	Inf	1555	0.000000
281474976710655.000000	-221.880249	1556	0.000000
281474976710655.000000	Inf	1557	0.000000
281474976710655.000000	Inf	1558	0.000000
281474976710655.000000	Inf	1559	0.000000
281474976710655.000000	-172.111221	1560	0.000000
281474976710655.000000	-164.720215	1561	0.000000
281474976710655.000000	-146.631226	1562	0.000000
281474976710655.000000	Inf	1563	0.000000
281474976710655.000000	Inf	1564	0.000000
281474976710655.000000	-62.691189	1565	0.000000
281474976710655.000000	-126.486412	1566	0.000000
281474976710655.000000	Inf	1567	0.000000
281474976710655.000000	Inf	1568	0.000000
281474976710655.000000	-46.494873	1569	0.000000
281474976710655.000000	Inf	1570	0.000000
281474976710655.000000	-80.660149	1571	0.000000
281474976710655.000000	-77.462494	1572	0.000000
281474976710655.000000	-75.408623	1573	0.000000
281474976710655.000000	-71.641212	1574	0.000000
281474976710655.000000	-64.619637	1575	0.000000
281474976710655.000000	-64.344833	1576	0.000000
281474976710655.000000	-43.285622	1577	0.000000
281474976710655.000000	-34.927700	1578	0.000000
281474976710655.000000	-50.510059	1579	0.000000
281474976710655.000000	-43.677387	1580	0.000000
281474976710655.000000	-52.898499	1581	0.000000
281474976710655.000000	-32.987900	1582	0.000000
281474976710655.000000	-40.733856	1583	0.000000
281474976710655.000000	-34.904003	1584	0.000000
281474976710655.000000	-32.682281	1585	0.000000
281474976710655.000000	-27.153746	1586	0.000000
281474976710655.000000	-28.621653	1587	0.000000
281474976710655.000000	-24.619204	1588	0.000000
281474976710655.000000	-23.616396	1589	0.000000
281474976710655.000000	-20.697334	1590	0.000000
281474976710655.000000	-18.714914	1591	0.000000
281474976710655.000000	-17.224396	1592	0.000000
281474976710655.000000	-15.841919	1593	0.000000
281474976710655.000000	-15.354884	1594	0.000000
281474976710655.000000	-14.707521	1595	0.000000
281474976710655.000000	-13.542023	1596	0.000000
