num crossings	time (s)	maj axis (mm)	min axis (mm)	theta (rad )	slope (V/s)
4329	7136.208858	45.145117	12.124462	2.029799	120.984886
4331	7138.290783	83.437009	9.723740	2.173719	115.789073
4333	7140.372993	82.336841	9.732100	2.176696	109.182768
4335	7142.455545	81.607274	9.742292	2.176530	113.546113
4337	7144.536098	80.614677	9.779138	2.176307	105.855833
4339	7146.616603	80.003326	9.845960	2.177518	105.389108
4341	7148.697957	78.943065	9.863168	2.181725	106.037427
4343	7150.779421	78.539178	9.865954	2.183170	96.256784
4345	7152.861429	76.932126	9.829665	2.185624	96.338799
4347	7154.942556	76.122358	9.928698	2.185150	90.203653
4349	7157.022942	75.530769	9.821701	2.179462	90.975151
4351	7159.101469	74.511489	9.916298	2.184854	88.976969
4353	7161.181984	73.513463	9.899699	2.188470	86.068917
4355	7163.263393	72.632475	9.934081	2.189868	84.483862
4357	7165.344803	71.629429	9.954010	2.191795	81.039137
4359	7167.426777	71.038811	9.893019	2.193705	80.755278
4361	7169.506584	70.384871	9.980066	2.195084	80.564800
4363	7171.587310	69.376471	9.971234	2.197580	77.864059
4365	7173.668031	68.498435	9.971321	2.198831	74.030060
4367	7175.749043	67.779271	9.979583	2.199710	73.606513
4369	7177.830176	66.906295	9.960115	2.201380	73.621887
4371	7179.911465	66.015952	9.968647	2.203311	71.876955
4373	7181.993179	65.265471	9.957146	2.204676	70.888803
4375	7184.074801	64.293433	9.940572	2.204829	68.605814
4377	7186.155678	63.801475	9.943318	2.205443	63.678626
4379	7188.235369	62.890683	9.945013	2.208600	61.301222
4381	7190.314991	62.263983	9.903168	2.211676	65.889794
4383	7192.396226	61.243197	9.916613	2.213849	63.652919
4385	7194.478048	60.544776	9.916029	2.215567	59.348510
4387	7196.559900	59.586653	9.880075	2.215793	55.614658
4389	7198.641043	58.924345	9.870204	2.216340	54.937155
4391	7200.721532	58.203426	9.864536	2.217210	54.804788
4393	7202.801445	57.596499	9.855196	2.220645	57.442202
4395	7204.881883	56.779777	9.853525	2.221234	51.972703
4397	7206.962522	55.920612	9.834611	2.223121	49.291067
4399	7209.042863	55.163068	9.848478	2.224573	49.213450
4401	7211.123614	54.503469	9.812857	2.226453	48.523343
4403	7213.204013	53.686358	9.811963	2.228369	46.967832
4405	7215.285056	53.037220	9.815969	2.228289	46.064370
4407	7217.366373	52.300622	9.790767	2.229188	41.980862
4409	7219.447068	51.580171	9.775383	2.230778	41.498421
4411	7221.527942	50.891229	9.777562	2.232427	41.990416
4413	7223.609319	50.210122	9.734646	2.234382	42.397962
4415	7225.691243	49.491120	9.718988	2.236406	39.126241
4417	7227.772414	48.888436	9.698619	2.236987	36.762950
4419	7229.853036	48.252135	9.671440	2.237423	37.911672
4421	7231.932736	47.592532	9.649700	2.237975	38.069645
4423	7234.012500	46.940226	9.623268	2.237965	33.515531
4425	7236.092205	46.193667	9.615877	2.238737	34.759442
4427	7238.172963	45.544096	9.559892	2.241491	33.482647
4429	7240.255276	44.809134	9.523395	2.244963	32.135479
4431	7242.336566	44.331447	9.468529	2.246215	31.576892
4433	7244.418446	43.641263	9.412996	2.248348	29.551610
4435	7246.498799	43.183162	9.377544	2.248006	29.882376
4437	7248.579412	42.504483	9.343016	2.249148	28.669422
4439	7250.659934	41.926030	9.290947	2.250646	28.937100
4441	7252.739495	41.364867	9.209847	2.250236	27.084362
4443	7254.819469	40.680183	9.181809	2.252953	25.452279
4445	7256.901227	40.050701	9.099153	2.253608	28.231978
4447	7258.983190	39.202638	9.035760	2.256324	25.774731
4449	7261.062925	38.615660	8.928083	2.257526	24.390955
4451	7263.142014	38.014891	8.834285	2.258287	25.266768
4453	7265.223514	37.329397	8.740475	2.258915	23.245082
4455	7267.308670	36.747320	8.635086	2.258530	26.285899
4457	7269.387926	36.044307	8.549128	2.260403	24.299345
4459	7271.470028	35.522431	8.434312	2.260540	20.905039
4461	7273.550119	35.015339	8.337925	2.260710	20.965589
4463	7275.629883	34.399467	8.240415	2.261413	21.103800
4465	7277.709106	33.772891	8.146597	2.263894	20.042510
4467	7279.788698	33.161123	8.043037	2.265187	18.462447
4469	7281.869243	32.554401	7.937998	2.267111	17.643829
4471	7283.951605	32.039066	7.741309	2.265504	16.917234
4473	7286.039543	31.615606	7.416137	2.263094	19.579788
4475	7288.117687	31.033077	7.330146	2.264040	19.876904
4477	7290.201534	30.516027	7.247338	2.263836	15.739497
4479	7292.280562	29.979658	7.134938	2.265855	16.788835
4481	7294.359161	29.445526	7.035976	2.265658	17.518655
4483	7296.440641	28.996989	6.927505	2.266267	16.753009
4485	7298.518036	28.437627	6.843651	2.266951	13.748268
4487	7300.599399	27.919519	6.754989	2.268562	11.399123
4489	7302.681403	27.456936	6.643327	2.268581	12.694838
4491	7304.763436	26.957601	6.547106	2.269468	13.403124
4493	7306.843418	26.488441	6.450457	2.270737	14.244977
4495	7308.924178	25.972627	6.360917	2.272672	13.428348
4497	7311.004346	25.503644	6.276169	2.275133	10.560062
4499	7313.088204	25.126860	6.164442	2.274852	9.825974
4501	7315.166786	24.619902	6.090981	2.275290	11.143845
4503	7317.244946	24.189092	6.005420	2.273979	10.636277
4505	7319.324243	23.769903	5.917420	2.270132	9.989948
4507	7321.404604	23.331056	5.828092	2.269472	10.353388
4509	7323.485074	22.865065	5.744214	2.270122	10.443148
4511	7325.567220	22.413693	5.660873	2.272666	9.674725
4513	7327.647060	22.049749	5.564701	2.274775	7.579447
4515	7329.730625	21.676366	5.471837	2.277666	7.549155
4517	7331.811777	21.316033	5.380819	2.278346	7.467792
4519	7333.892473	20.917201	5.298101	2.279937	9.319844
4521	7335.972925	20.556219	5.217264	2.281432	8.681044
4523	7338.054562	20.194703	5.139957	2.280300	7.284255
4525	7340.137167	19.824216	5.056230	2.280218	6.275565
4527	7342.216650	19.451743	4.975069	2.280493	6.113596
