crossing time (s)	slope (V/s)	crossing number
281474976710655.000000	Inf	1283	0.000000
281474976710655.000000	Inf	1284	0.000000
281474976710655.000000	Inf	1285	0.000000
281474976710655.000000	Inf	1286	0.000000
281474976710655.000000	-207.130157	1287	0.000000
281474976710655.000000	Inf	1288	0.000000
281474976710655.000000	Inf	1289	0.000000
281474976710655.000000	Inf	1290	0.000000
281474976710655.000000	-140.903351	1291	0.000000
281474976710655.000000	-130.376144	1292	0.000000
281474976710655.000000	Inf	1293	0.000000
281474976710655.000000	-106.725060	1294	0.000000
281474976710655.000000	-114.050842	1295	0.000000
281474976710655.000000	-65.703011	1296	0.000000
281474976710655.000000	-82.061920	1297	0.000000
281474976710655.000000	-81.089859	1298	0.000000
281474976710655.000000	-65.376678	1299	0.000000
281474976710655.000000	-62.451523	1300	0.000000
281474976710655.000000	-51.112492	1301	0.000000
281474976710655.000000	-49.799789	1302	0.000000
281474976710655.000000	-46.095749	1303	0.000000
281474976710655.000000	-38.290695	1304	0.000000
281474976710655.000000	-38.138783	1305	0.000000
281474976710655.000000	-37.813900	1306	0.000000
281474976710655.000000	-30.265388	1307	0.000000
281474976710655.000000	-25.360065	1308	0.000000
281474976710655.000000	-24.324909	1309	0.000000
281474976710655.000000	-21.388416	1310	0.000000
281474976710655.000000	-19.526678	1311	0.000000
281474976710655.000000	-16.574673	1312	0.000000
281474976710655.000000	-14.967382	1313	0.000000
281474976710655.000000	-12.393242	1314	0.000000
281474976710655.000000	-12.993888	1315	0.000000
