crossing time (s)	slope (V/s)	crossing number
281474976710655.000000	Inf	4819	0.000000
281474976710655.000000	Inf	4820	0.000000
281474976710655.000000	Inf	4821	0.000000
281474976710655.000000	Inf	4822	0.000000
281474976710655.000000	Inf	4823	0.000000
281474976710655.000000	Inf	4824	0.000000
281474976710655.000000	Inf	4825	0.000000
281474976710655.000000	-219.413742	4826	0.000000
281474976710655.000000	Inf	4827	0.000000
281474976710655.000000	Inf	4828	0.000000
281474976710655.000000	Inf	4829	0.000000
281474976710655.000000	Inf	4830	0.000000
281474976710655.000000	Inf	4831	0.000000
281474976710655.000000	Inf	4832	0.000000
281474976710655.000000	Inf	4833	0.000000
281474976710655.000000	Inf	4834	0.000000
281474976710655.000000	Inf	4835	0.000000
281474976710655.000000	Inf	4836	0.000000
281474976710655.000000	Inf	4837	0.000000
281474976710655.000000	Inf	4838	0.000000
281474976710655.000000	Inf	4839	0.000000
281474976710655.000000	Inf	4840	0.000000
281474976710655.000000	Inf	4841	0.000000
281474976710655.000000	Inf	4842	0.000000
281474976710655.000000	-178.865814	4843	0.000000
281474976710655.000000	Inf	4844	0.000000
281474976710655.000000	-174.137360	4845	0.000000
281474976710655.000000	Inf	4846	0.000000
281474976710655.000000	-89.554993	4847	0.000000
281474976710655.000000	-165.968002	4848	0.000000
281474976710655.000000	Inf	4849	0.000000
281474976710655.000000	-157.103241	4850	0.000000
281474976710655.000000	Inf	4851	0.000000
281474976710655.000000	-156.596146	4852	0.000000
281474976710655.000000	Inf	4853	0.000000
281474976710655.000000	-153.796432	4854	0.000000
281474976710655.000000	Inf	4855	0.000000
281474976710655.000000	-148.095551	4856	0.000000
281474976710655.000000	Inf	4857	0.000000
281474976710655.000000	-151.964371	4858	0.000000
281474976710655.000000	Inf	4859	0.000000
281474976710655.000000	-143.756638	4860	0.000000
281474976710655.000000	Inf	4861	0.000000
281474976710655.000000	-138.565338	4862	0.000000
281474976710655.000000	-138.948441	4863	0.000000
281474976710655.000000	-139.141129	4864	0.000000
281474976710655.000000	-135.587845	4865	0.000000
281474976710655.000000	-135.749161	4866	0.000000
281474976710655.000000	-131.950928	4867	0.000000
281474976710655.000000	-126.769188	4868	0.000000
281474976710655.000000	-124.193863	4869	0.000000
281474976710655.000000	-64.532074	4870	0.000000
281474976710655.000000	-127.507225	4871	0.000000
281474976710655.000000	Inf	4872	0.000000
281474976710655.000000	-61.120480	4873	0.000000
281474976710655.000000	-115.246567	4874	0.000000
281474976710655.000000	-120.101967	4875	0.000000
281474976710655.000000	-56.103432	4876	0.000000
281474976710655.000000	-116.344337	4877	0.000000
281474976710655.000000	Inf	4878	0.000000
281474976710655.000000	-112.654861	4879	0.000000
281474976710655.000000	Inf	4880	0.000000
281474976710655.000000	Inf	4881	0.000000
281474976710655.000000	-208.991043	4882	0.000000
281474976710655.000000	-50.979408	4883	0.000000
281474976710655.000000	-102.603104	4884	0.000000
281474976710655.000000	-96.927162	4885	0.000000
281474976710655.000000	-101.605095	4886	0.000000
281474976710655.000000	-100.919479	4887	0.000000
281474976710655.000000	Inf	4888	0.000000
281474976710655.000000	-95.670319	4889	0.000000
281474976710655.000000	-89.651825	4890	0.000000
281474976710655.000000	-95.325356	4891	0.000000
281474976710655.000000	-196.673859	4892	0.000000
281474976710655.000000	-176.324005	4893	0.000000
281474976710655.000000	Inf	4894	0.000000
281474976710655.000000	-83.880066	4895	0.000000
281474976710655.000000	-87.724396	4896	0.000000
281474976710655.000000	-83.001877	4897	0.000000
281474976710655.000000	-56.268177	4898	0.000000
281474976710655.000000	-150.596725	4899	0.000000
281474976710655.000000	-81.197929	4900	0.000000
281474976710655.000000	-120.081100	4901	0.000000
281474976710655.000000	-50.924294	4902	0.000000
281474976710655.000000	-78.880768	4903	0.000000
281474976710655.000000	-74.267540	4904	0.000000
281474976710655.000000	-39.094318	4905	0.000000
281474976710655.000000	-145.773651	4906	0.000000
281474976710655.000000	-74.391037	4907	0.000000
281474976710655.000000	-36.240757	4908	0.000000
281474976710655.000000	-73.981987	4909	0.000000
281474976710655.000000	-71.761772	4910	0.000000
281474976710655.000000	-43.206757	4911	0.000000
281474976710655.000000	-45.475933	4912	0.000000
281474976710655.000000	-95.385963	4913	0.000000
281474976710655.000000	-65.610451	4914	0.000000
281474976710655.000000	-50.378185	4915	0.000000
281474976710655.000000	-63.875187	4916	0.000000
281474976710655.000000	-64.577469	4917	0.000000
281474976710655.000000	-65.117012	4918	0.000000
281474976710655.000000	-40.323299	4919	0.000000
281474976710655.000000	-60.522461	4920	0.000000
281474976710655.000000	-55.794449	4921	0.000000
281474976710655.000000	-55.687733	4922	0.000000
281474976710655.000000	-42.643318	4923	0.000000
281474976710655.000000	-57.059486	4924	0.000000
281474976710655.000000	-41.856594	4925	0.000000
281474976710655.000000	-52.879116	4926	0.000000
281474976710655.000000	-39.889359	4927	0.000000
281474976710655.000000	-48.962387	4928	0.000000
281474976710655.000000	-68.216949	4929	0.000000
281474976710655.000000	-49.704117	4930	0.000000
281474976710655.000000	-38.887787	4931	0.000000
281474976710655.000000	-45.168999	4932	0.000000
281474976710655.000000	-55.100155	4933	0.000000
281474976710655.000000	-51.725357	4934	0.000000
281474976710655.000000	-48.429489	4935	0.000000
281474976710655.000000	-45.568226	4936	0.000000
281474976710655.000000	-36.098846	4937	0.000000
281474976710655.000000	-66.936760	4938	0.000000
281474976710655.000000	-41.814739	4939	0.000000
281474976710655.000000	-36.357643	4940	0.000000
281474976710655.000000	-41.372906	4941	0.000000
281474976710655.000000	-42.987392	4942	0.000000
281474976710655.000000	-44.070633	4943	0.000000
281474976710655.000000	-42.638638	4944	0.000000
281474976710655.000000	-38.519615	4945	0.000000
281474976710655.000000	-40.653286	4946	0.000000
281474976710655.000000	-37.372704	4947	0.000000
281474976710655.000000	-36.825558	4948	0.000000
281474976710655.000000	-33.514744	4949	0.000000
281474976710655.000000	-35.053028	4950	0.000000
281474976710655.000000	-31.646149	4951	0.000000
281474976710655.000000	-35.340031	4952	0.000000
281474976710655.000000	-28.580389	4953	0.000000
281474976710655.000000	-32.337925	4954	0.000000
281474976710655.000000	-31.014162	4955	0.000000
281474976710655.000000	-32.188488	4956	0.000000
281474976710655.000000	-30.105978	4957	0.000000
281474976710655.000000	-27.692043	4958	0.000000
281474976710655.000000	-33.393021	4959	0.000000
281474976710655.000000	-26.641006	4960	0.000000
281474976710655.000000	-29.843863	4961	0.000000
281474976710655.000000	-31.051941	4962	0.000000
281474976710655.000000	-27.966957	4963	0.000000
281474976710655.000000	-30.744099	4964	0.000000
281474976710655.000000	-27.624874	4965	0.000000
281474976710655.000000	-29.029686	4966	0.000000
281474976710655.000000	-27.282488	4967	0.000000
281474976710655.000000	-25.273504	4968	0.000000
281474976710655.000000	-25.777225	4969	0.000000
281474976710655.000000	-24.762703	4970	0.000000
281474976710655.000000	-25.040701	4971	0.000000
281474976710655.000000	-27.078884	4972	0.000000
281474976710655.000000	-23.700766	4973	0.000000
281474976710655.000000	-22.059765	4974	0.000000
281474976710655.000000	-23.201538	4975	0.000000
281474976710655.000000	-20.461424	4976	0.000000
281474976710655.000000	-22.731199	4977	0.000000
281474976710655.000000	-20.181326	4978	0.000000
281474976710655.000000	-19.841579	4979	0.000000
281474976710655.000000	-20.242161	4980	0.000000
281474976710655.000000	-21.186337	4981	0.000000
281474976710655.000000	-21.236919	4982	0.000000
281474976710655.000000	-19.763073	4983	0.000000
281474976710655.000000	-20.940952	4984	0.000000
