crossing time (s)	slope (V/s)	crossing number
281474976710655.000000	Inf	1763	0.000000
281474976710655.000000	Inf	1764	0.000000
281474976710655.000000	Inf	1765	0.000000
281474976710655.000000	Inf	1766	0.000000
281474976710655.000000	Inf	1767	0.000000
281474976710655.000000	Inf	1768	0.000000
281474976710655.000000	Inf	1769	0.000000
281474976710655.000000	Inf	1770	0.000000
281474976710655.000000	Inf	1771	0.000000
281474976710655.000000	Inf	1772	0.000000
281474976710655.000000	Inf	1773	0.000000
281474976710655.000000	Inf	1774	0.000000
281474976710655.000000	Inf	1775	0.000000
281474976710655.000000	-86.979889	1776	0.000000
281474976710655.000000	Inf	1777	0.000000
281474976710655.000000	-151.955902	1778	0.000000
281474976710655.000000	-142.973969	1779	0.000000
281474976710655.000000	-137.441681	1780	0.000000
281474976710655.000000	Inf	1781	0.000000
281474976710655.000000	-65.401039	1782	0.000000
281474976710655.000000	Inf	1783	0.000000
281474976710655.000000	-127.280014	1784	0.000000
281474976710655.000000	-117.592300	1785	0.000000
281474976710655.000000	-114.877052	1786	0.000000
281474976710655.000000	Inf	1787	0.000000
281474976710655.000000	-99.719040	1788	0.000000
281474976710655.000000	-63.959766	1789	0.000000
281474976710655.000000	-98.299232	1790	0.000000
281474976710655.000000	-57.173096	1791	0.000000
281474976710655.000000	-56.347324	1792	0.000000
281474976710655.000000	-80.106384	1793	0.000000
281474976710655.000000	-40.440594	1794	0.000000
281474976710655.000000	-75.537437	1795	0.000000
281474976710655.000000	-101.074188	1796	0.000000
281474976710655.000000	-64.266090	1797	0.000000
281474976710655.000000	-66.452293	1798	0.000000
281474976710655.000000	-61.651733	1799	0.000000
281474976710655.000000	-69.585243	1800	0.000000
281474976710655.000000	-53.023205	1801	0.000000
281474976710655.000000	-59.738914	1802	0.000000
281474976710655.000000	-62.837154	1803	0.000000
281474976710655.000000	-46.400513	1804	0.000000
281474976710655.000000	-45.924129	1805	0.000000
281474976710655.000000	-42.324207	1806	0.000000
281474976710655.000000	-32.848148	1807	0.000000
281474976710655.000000	-33.767586	1808	0.000000
281474976710655.000000	-37.768063	1809	0.000000
281474976710655.000000	-28.680311	1810	0.000000
281474976710655.000000	-32.703968	1811	0.000000
281474976710655.000000	-32.162781	1812	0.000000
281474976710655.000000	-28.095560	1813	0.000000
281474976710655.000000	-30.250694	1814	0.000000
281474976710655.000000	-27.566465	1815	0.000000
281474976710655.000000	-23.773994	1816	0.000000
281474976710655.000000	-28.855772	1817	0.000000
281474976710655.000000	-22.637360	1818	0.000000
281474976710655.000000	-23.571507	1819	0.000000
281474976710655.000000	-21.295679	1820	0.000000
281474976710655.000000	-21.113089	1821	0.000000
281474976710655.000000	-17.460073	1822	0.000000
281474976710655.000000	-17.091375	1823	0.000000
